20
2
22
4
22
10
5
5
4
1
15
31
31
6
31
8
2
16
9
31
10
3
21
5
12
28
8
19
31
24
3
14
4
2
30
10
10
10
11
26
4
31
26
7
13
26
16
25
3
24
16
10
3
1
20
27
9
29
25
26
20
18
2
2
5
1
17
31
12
26
10
15
19
1
25
11
1
12
25
8
31
2
15
11
20
3
13
16
27
1
4
1
23
1
31
29
0
28
15
29
6
234
1
254
146
202
97
91
12
261
187
19
149
12
252
112
187
218
203
169
72
33
214
215
64
226
108
222
82
186
178
167
217
227
110
217
238
180
254
32
162
176
242
20
96
167
181
115
44
163
34
203
67
203
9
94
123
144
214
192
270
140
53
98
195
10
141
225
242
44
44
73
102
151
267
243
181
62
44
152
212
80
3
16
125
210
143
224
43
169
112
262
21
252
34
164
176
251
4
97
218
66
114
117
157
247
125
12
78
214
60
105
245
125
119
226
232
207
170
251
174
228
228
144
254
204
25
87
83
60
225
134
166
55
33
59
76
235
144
24
160
169
130
161
5
38
181
94
100
202
39
265
190
247
122
33
219
65
18
38
234
222
224
266
90
26
135
65
152
253
73
86
203
118
270
82
194
93
162
25
73
225
247
113
268
134
176
65
182
12
86
231
228
220
251
75
222
215
144
112
169
67
188
196
141
113
61
143
143
220
269
247
70
196
228
82
97
8
30
205
147
117
152
224
23
139
35
203
228
51
121
138
135
201
209
198
116
235
16
110
36
99
266
264
265
263
136
158
184
108
202
182
213
180
160
128
212
2
170
184
223
267
212
182
112
248
32
210
55
182
265
35
97
41
6
164
154
207
59
37
20
175
37
151
176
102
115
52
157
253
58
98
235
153
34
162
171
130
194
8
264
224
262
255
151
245
139
206
162
231
71
104
179
92
64
229
114
261
178
53
99
149
161
44
23
104
176
246
142
37
96
111
11
78
96
114
93
182
133
201
142
156
210
39
4
179
62
0
173
205
240
136
101
127
170
8
16
222
240
129
187
269
214
55
175
13
169
90
229
76
176
80
267
196
24
135
5
94
11
153
205
40
251
228
96
53
268
39
0
226
129
66
25
249
185
175
151
14
52
81
111
238
213
221
23
36
10
213
246
38
236
204
41
138
94
157
9
10
54
42
227
123
153
78
119
240
204
10
15
67
35
130
130
155
0
155
243
228
48
19
157
250
212
72
77
58
226
179
266
14
214
164
141
136
205
40
65
123
44
115
175
130
251
3
228
193
207
225
166
119
104
202
84
230
129
153
165
148
203
44
229
38
55
131
219
189
101
14
233
39
85
142
80
72
256
270
108
205
89
251
167
17
66
266
189
187
268
66
247
38
41
233
79
23
148
80
194
133
263
242
14
155
182
85
45
127
271
214
29
230
122
95
59
241
96
144
0
152
84
201
152
151
128
241
104
64
104
211
141
193
144
94
125
91
228
141
32
226
38
53
138
47
246
11
71
52
116
113
11
60
139
200
212
166
76
77
67
140
154
46
244
216
26
102
43
119
122
82
45
254
46
201
189
117
241
90
268
84
71
120
75
94
132
93
54
202
238
1
28
4
132
115
77
117
31
48
55
30
203
124
1
202
143
173
223
53
241
54
42
120
114
196
257
101
91
87
49
261
230
60
260
267
46
221
59
175
134
18
126
262
46
255
110
189
19
111
92
178
218
170
149
216
144
189
102
148
151
169
74
175
19
208
161
262
106
214
111
148
258
197
47
43
261
152
30
131
73
6
216
148
142
217
187
75
167
96
17
212
61
212
27
12
270
205
84
245
210
260
221
157
105
48
260
158
122
128
113
67
129
46
197
43
1
44
9
177
41
158
32
56
2
198
21
33
168
178
82
153
74
229
169
81
6
11
93
130
73
264
254
253
99
218
188
198
220
264
240
58
32
178
200
169
78
187
53
170
95
268
220
179
255
166
4
114
191
118
199
203
199
115
89
21
214
260
148
82
31
57
119
34
167
53
180
58
160
235
38
143
170
51
63
29
168
177
130
263
39
61
100
244
95
188
126
192
156
254
95
146
65
152
239
249
107
106
123
94
115
242
197
128
172
162
129
138
111
51
221
112
181
128
189
174
170
152
23
249
154
128
202
200
209
159
20
129
124
0
55
191
85
213
146
12
235
96
193
144
164
68
100
158
111
97
264
259
17
250
18
0
162
225
180
24
105
93
67
181
46
13
23
224
32
99
104
152
148
88
31
222
269
195
218
44
263
108
193
135
142
152
217
44
68
4
102
150
271
115
4
164
93
241
245
264
153
50
134
161
154
40
54
18
246
44
260
133
83
22
150
37
18
193
197
142
216
229
238
155
202
41
102
4
123
261
38
45
200
257
61
160
73
36
182
189
223
15
119
32
0
242
134
44
198
10
183
178
67
159
247
216
16
218
4
271
72
255
267
249
103
186
118
8
40
97
230
105
230
200
59
248
38
131
153
255
225
123
184
160
37
240
94
32
220
6
215
50
75
88
101
79
84
240
30
81
33
102
52
145
102
142
67
229
131
134
66
228
187
168
253
246
117
157
177
38
47
185
129
182
253
263
218
12
165
151
258
182
144
210
46
168
268
165
78
237
251
254
80
70
262
205
191
53
216
74
260
213
266
179
214
91
109
87
36
51
242
3
106
150
121
1
26
60
167
169
254
144
128
180
243
6
5
163
114
167
262
206
264
241
239
214
210
10
96
232
155
219
18
168
227
241
265
72
216
232
139
43
234
243
14
267
168
98
88
119
72
125
177
23
2
207
110
208
197
116
234
22
134
246
199
267
48
67
122
135
28
244
254
83
4
25
255
77
252
131
163
102
244
180
109
109
78
47
190
71
162
257
238
1
37
244
236
166
174
206
2
166
170
169
31
116
8
240
214
155
146
171
71
253
179
243
177
151
138
194
182
73
131
195
7
15
81
255
224
78
263
22
7
194
45
51
217
2
97
161
227
213
89
46
149
100
165
115
27
198
29
176
181
48
32
24
268
228
182
90
177
170
82
99
59
154
99
36
15
233
137
191
193
92
117
242
81
94
255
162
169
8
211
112
192
75
127
215
190
128
158
172
110
104
83
197
120
215
58
225
211
90
232
57
252
50
25
132
256
173
177
200
89
131
21
48
8
233
17
147
104
251
161
265
4
68
10
233
259
245
207
209
78
61
51
44
99
134
65
45
97
172
0
53
242
91
64
184
95
126
137
195
250
135
160
85
207
57
269
45
92
168
126
19
62
8
177
261
253
193
271
68
145
167
242
73
83
149
0
187
19
52
164
136
97
39
96
127
223
203
82
253
119
149
248
206
10
147
174
245
3
62
251
165
4
79
131
219
128
225
104
43
178
154
237
61
117
38
180
221
179
29
19
63
86
43
81
27
8
90
42
202
137
237
106
96
54
120
269
138
185
231
97
266
259
22
14
261
130
159
101
93
213
251
107
66
267
217
75
42
39
164
45
227
5
218
160
170
235
138
127
17
89
64
12
146
18
95
192
85
76
80
192
172
86
31
73
137
216
16
165
60
59
116
55
230
264
70
45
70
175
21
112
266
178
50
167
271
145
100
256
103
31
264
97
81
117
165
228
36
24
245
90
1
43
208
269
121
134
139
84
58
14
32
175
144
64
146
102
92
56
80
51
207
200
56
202
164
185
136
132
86
99
201
174
167
5
4
267
174
124
124
250
134
48
205
113
47
171
212
12
180
258
122
84
150
260
137
37
181
206
246
1
197
243
10
122
271
64
80
252
247
65
163
179
143
155
192
206
43
233
37
108
234
78
176
40
256
208
2
238
148
231
63
128
33
64
214
269
42
23
72
62
157
173
210
187
167
93
260
49
214
44
89
132
254
110
121
160
191
83
184
186
136
113
44
235
40
203
34
220
12
243
144
36
52
214
10
116
138
147
71
117
193
270
1
115
108
56
115
59
200
180
242
227
42
174
211
66
37
251
165
270
196
47
188
142
254
144
60
109
44
66
39
56
212
76
200
77
70
68
161
86
41
253
140
31
189
22
46
252
22
119
240
13
28
135
228
36
185
100
109
115
122
240
36
234
117
176
118
97
153
211
79
67
10
174
43
193
66
184
206
113
34
36
151
71
263
122
264
240
180
87
106
177
44
207
263
212
70
164
57
239
256
26
56
98
226
106
132
52
127
11
129
213
201
92
261
26
96
239
30
93
116
73
162
268
230
144
5
114
58
171
95
1
172
60
218
37
270
103
43
136
65
194
69
35
255
191
199
187
109
215
204
132
28
38
268
244
14
87
238
22
119
93
227
149
224
16
246
60
224
252
174
151
201
228
12
75
116
75
19
49
29
258
194
35
151
88
14
17
78
147
117
111
15
96
231
131
85
145
236
40
271
58
204
161
203
115
70
77
18
122
103
129
37
99
94
118
16
37
29
195
201
166
16
195
54
25
136
271
174
142
9
42
80
267
236
41
124
185
19
248
33
52
13
241
143
243
235
13
238
144
61
0
268
213
201
8
234
162
20
161
229
123
115
193
106
67
63
142
9
208
219
170
172
82
121
86
209
222
239
83
174
72
199
244
160
93
150
117
227
58
98
87
1
173
101
92
172
126
57
215
146
25
20
179
206
73
148
9
158
43
37
232
56
149
5
239
64
107
187
62
177
161
262
217
145
91
235
235
27
212
82
222
77
253
125
110
83
255
125
265
235
23
103
229
208
188
108
164
3
18
154
197
268
50
92
165
95
22
11
192
223
230
172
46
207
40
23
157
229
6
47
21
192
257
83
152
70
252
213
160
264
7
224
126
177
90
124
224
266
10
110
79
41
132
225
60
264
148
82
26
255
164
73
87
13
150
168
14
210
76
214
133
185
192
257
164
157
171
122
29
262
202
96
1
152
84
54
233
42
216
39
231
235
202
77
95
169
140
220
24
84
6
24
176
183
123
220
95
93
60
49
61
59
102
98
107
27
94
10
271
73
247
165
152
194
154
201
250
59
51
108
136
34
256
55
91
69
70
149
269
164
148
105
95
44
139
71
20
158
187
34
74
93
271
267
230
64
126
165
149
80
267
31
92
65
129
150
208
44
201
154
137
54
38
147
115
82
83
59
78
45
60
115
157
271
16
68
29
2
208
264
136
181
93
109
29
153
68
228
159
242
123
66
8
48
122
36
15
84
50
241
67
2
125
191
139
202
109
252
131
136
126
115
183
203
214
93
104
60
109
98
252
106
25
19
196
35
15
263
20
19
268
173
50
186
37
13
189
96
14
185
93
52
64
119
37
157
264
244
118
240
155
169
265
49
256
117
209
160
252
91
190
151
214
250
124
145
59
270
248
148
15
1
94
262
43
151
263
179
6
140
39
131
78
208
170
186
121
112
115
15
31
5
251
232
111
159
157
17
105
13
55
237
94
258
178
71
152
160
48
19
252
247
259
184
195
21
19
5
22
12
180
62
174
227
178
202
58
2
151
194
120
21
88
238
236
104
224
157
162
56
96
93
56
1
60
84
10
37
213
238
130
39
124
73
45
129
251
75
173
47
152
187
106
255
31
233
72
72
168
60
98
49
20
149
10
106
160
82
55
229
155
233
59
197
3
217
49
102
237
271
20
106
191
96
230
221
13
23
222
199
268
58
60
79
141
237
13
75
227
197
103
145
122
190
140
56
65
85
108
90
75
41
52
216
235
163
42
76
76
194
209
267
229
24
266
200
232
232
207
101
178
136
173
19
49
10
133
200
54
211
253
251
16
255
226
46
19
50
25
110
127
149
115
25
193
217
100
77
129
255
116
17
79
250
135
196
218
210
222
232
235
120
170
142
240
247
83
222
239
1
199
85
271
142
194
132
20
250
55
85
194
85
79
0
173
208
84
122
85
163
197
66
155
97
0
202
68
219
47
21
252
122
139
103
183
111
111
203
144
8
148
42
125
25
0
68
195
75
211
132
98
64
178
240
20
49
133
147
142
27
184
132
108
265
143
259
14
215
27
180
40
146
55
117
208
48
141
110
16
228
198
50
266
123
133
126
174
63
75
240
109
146
40
204
60
34
101
128
51
57
196
171
153
142
126
17
72
95
153
161
267
85
193
8
211
186
97
204
41
103
174
21
113
156
101
120
184
245
6
167
134
255
89
125
32
200
132
226
187
58
96
240
92
240
27
101
95
236
154
7
246
67
29
14
32
122
181
60
46
245
195
228
69
198
33
3
26
260
13
155
241
134
113
232
149
228
6
147
93
193
163
32
194
214
67
159
61
59
2
58
177
218
65
16
3
77
253
103
146
255
249
24
212
151
78
167
198
231
178
264
257
238
25
167
140
179
219
212
132
173
42
1
102
245
153
73
225
88
124
158
102
256
104
248
30
93
155
149
36
22
236
246
72
168
160
66
222
214
58
104
29
187
176
159
46
99
30
54
153
225
6
36
22
85
270
43
85
59
216
193
190
29
164
48
240
269
186
162
33
78
38
154
210
17
35
66
259
200
81
61
102
133
31
54
75
94
239
159
26
175
236
262
149
58
220
83
153
231
265
66
103
250
121
156
82
55
139
53
226
249
209
18
26
150
247
250
68
220
99
111
96
195
46
7
119
138
34
233
91
249
151
148
213
210
38
228
231
181
32
259
259
213
247
6
243
134
73
100
145
107
158
199
0
244
156
268
78
141
88
212
148
271
258
239
264
224
88
223
39
245
9
262
158
101
263
164
270
29
185
215
87
56
194
37
16
162
223
72
141
31
92
241
148
108
137
196
176
122
70
247
25
68
254
178
25
152
41
181
226
262
200
124
60
267
195
262
135
15
176
5
53
240
119
51
20
93
205
46
249
248
41
269
202
70
41
119
49
169
202
117
134
169
3
120
173
109
214
67
12
98
30
228
133
229
204
227
133
63
35
33
138
10
248
124
170
264
112
26
234
197
34
156
13
177
75
219
71
83
212
159
118
236
241
218
197
187
191
78
145
69
268
205
93
264
111
192
18
79
90
202
81
151
190
267
142
31
122
208
70
65
248
76
100
61
250
211
80
96
153
94
95
261
19
255
134
261
30
178
189
239
181
44
247
58
193
261
108
77
63
21
150
25
97
216
213
67
81
70
233
10
253
72
33
190
209
116
178
243
262
131
136
250
135
93
89
158
177
210
172
112
154
136
84
158
78
208
171
139
262
196
246
250
43
47
139
102
249
46
103
53
245
185
246
65
6
41
71
136
34
114
263
212
255
198
80
56
184
152
222
137
20
173
93
54
224
100
76
265
36
126
207
261
253
10
262
204
103
20
68
218
106
72
19
136
196
210
166
142
4
124
124
86
187
242
99
84
19
111
136
139
25
245
150
18
112
258
140
113
130
267
91
107
104
88
82
8
133
3
254
194
241
225
164
18
181
52
256
14
249
182
101
46
118
14
249
143
127
98
81
108
179
6
260
249
88
233
176
110
39
40
256
236
40
84
16
26
127
108
122
111
77
162
12
89
138
234
246
229
78
141
168
34
265
168
21
86
56
122
136
34
66
62
35
69
120
51
204
194
254
206
211
29
47
232
199
246
119
253
265
30
221
101
190
96
247
66
171
74
236
179
105
40
260
54
186
62
213
43
234
96
49
148
271
96
79
269
267
227
38
256
20
22
269
46
204
135
80
3
271
4
193
250
221
40
174
163
69
187
262
145
144
17
207
138
168
180
210
16
181
127
265
265
131
89
101
11
230
128
14
218
146
257
19
133
116
118
125
67
208
257
73
124
36
102
95
177
171
93
176
215
154
111
110
237
119
132
78
72
65
233
105
207
119
192
135
107
236
244
2
104
216
71
103
113
45
170
19
82
0
228
256
51
199
235
160
260
66
120
57
60
154
41
32
195
95
258
80
35
30
27
178
266
271
80
135
46
270
162
90
256
67
235
86
160
66
135
174
204
89
52
5
81
140
75
222
78
247
51
86
26
259
257
29
208
78
93
14
140
64
73
213
24
52
82
228
211
169
250
56
66
131
114
214
166
156
171
96
206
78
238
119
77
228
259
117
194
156
23
261
141
14
254
47
244
205
235
77
72
243
108
140
23
235
69
5
258
103
200
167
153
128
57
46
46
126
76
175
34
244
23
270
242
20
151
206
146
261
174
242
263
41
87
271
77
221
158
7
38
138
134
61
253
229
227
169
25
25
133
256
60
162
248
230
158
206
99
91
173
165
3
208
259
227
108
261
204
134
137
214
117
87
91
119
29
94
257
18
7
122
243
90
92
155
182
254
1
102
53
130
213
116
96
7
82
148
173
186
205
229
131
13
251
170
91
120
87
259
8
68
250
9
21
74
198
92
125
48
174
218
27
261
101
217
242
94
215
136
221
115
2
43
89
262
121
58
81
83
194
258
247
24
269
231
194
23
45
265
7
161
74
128
63
53
260
233
107
97
16
27
82
217
34
242
250
86
233
91
43
37
207
211
43
29
140
13
53
79
22
59
180
158
58
73
234
211
61
71
63
61
218
95
0
210
127
260
72
123
98
231
119
159
113
162
30
38
16
249
77
131
31
26
239
212
67
191
125
100
167
151
175
217
77
122
68
39
76
245
102
185
170
67
42
24
232
245
148
72
255
232
102
154
114
211
105
156
190
211
239
151
91
270
55
250
8
237
98
196
117
85
240
121
189
190
10
225
158
190
229
137
199
38
249
220
139
71
130
83
247
158
182
217
205
249
105
150
0
210
268
115
177
47
43
227
268
78
215
146
115
30
173
183
170
243
78
95
147
241
155
172
79
50
187
128
1
17
56
131
146
238
65
206
79
233
223
199
222
198
116
2
85
93
4
96
204
84
154
19
152
131
174
153
172
229
216
165
235
134
32
86
216
198
15
79
35
212
263
180
253
16
165
235
161
135
34
105
255
65
63
2
172
262
137
112
206
262
171
164
203
34
66
34
245
80
155
67
103
73
265
146
87
141
12
101
28
150
183
222
103
95
114
229
29
85
171
178
195
107
165
120
184
22
117
196
20
228
86
271
66
254
258
14
258
200
111
77
48
18
105
121
86
143
138
24
193
162
29
69
181
155
162
124
173
134
183
206
143
193
44
193
76
261
227
44
2
58
213
112
76
164
198
203
267
165
89
210
217
251
192
114
130
203
113
228
243
79
44
268
123
21
144
251
45
219
222
203
45
139
249
98
247
147
129
119
89
107
118
214
219
227
92
176
74
237
141
156
146
11
225
116
51
197
39
201
225
181
56
13
133
158
3
19
33
194
49
207
48
228
240
95
203
43
131
11
163
167
221
81
163
160
33
256
74
84
140
193
252
80
93
158
204
105
190
263
74
201
103
80
210
176
88
159
22
241
79
104
175
71
43
93
202
180
131
165
26
69
195
176
200
225
52
4
206
152
129
200
160
66
112
231
117
40
238
247
65
237
86
42
246
50
54
82
84
49
235
73
41
83
176
227
38
144
79
133
232
73
4
102
39
58
211
91
55
213
180
149
116
199
48
66
97
224
17
196
81
244
199
27
75
271
234
179
66
0
242
137
266
259
155
33
107
88
3
58
58
243
264
65
161
106
72
268
222
101
99
144
84
195
248
112
8
10
115
64
17
208
271
27
90
222
19
216
171
235
85
157
149
59
258
261
86
61
86
134
181
183
145
263
40
230
243
23
260
201
185
247
234
203
134
203
9
19
12
206
117
127
90
269
243
13
39
31
45
88
97
20
173
141
45
255
141
187
215
93
60
58
113
56
124
87
14
39
89
68
96
220
193
30
267
35
229
108
68
215
251
125
199
70
125
6
246
57
15
11
187
173
84
182
26
223
58
202
119
49
65
81
200
43
169
229
62
253
58
164
251
163
125
101
79
215
63
25
1
178
181
244
171
198
75
45
201
118
261
181
269
45
112
254
39
166
220
205
66
160
174
173
38
111
10
107
61
12
53
59
124
196
146
259
47
201
51
220
172
110
197
134
137
164
123
27
208
136
113
165
179
269
177
100
145
117
48
1
134
143
255
236
123
132
268
8
90
117
255
83
90
68
73
147
104
36
221
104
48
39
147
215
125
110
140
51
209
209
191
155
102
7
142
144
69
185
85
152
200
228
212
52
139
89
49
188
56
160
87
123
144
258
144
39
11
0
42
19
140
256
89
255
205
37
69
88
137
85
102
100
188
115
193
162
226
193
63
38
228
36
187
5
100
174
242
237
76
121
121
247
220
178
186
101
117
16
183
109
263
89
142
256
246
112
237
48
92
212
96
249
1
161
125
4
1
267
93
259
249
234
164
271
162
192
209
101
51
67
124
51
21
56
34
123
245
195
9
43
179
95
130
147
62
204
180
255
5
93
77
122
2
70
12
199
54
270
82
121
242
119
268
108
91
145
207
77
208
264
24
198
66
245
137
158
39
101
118
108
0
252
34
218
234
158
256
250
172
165
188
130
53
186
2
182
200
12
70
163
40
62
239
177
98
187
51
45
134
97
176
246
195
221
197
73
262
219
71
114
12
47
193
16
236
36
263
55
256
196
158
200
159
170
243
210
43
205
232
267
176
243
16
85
189
75
153
221
202
270
173
43
242
13
241
76
255
191
134
45
260
93
39
204
147
51
211
127
196
163
102
213
266
90
236
168
182
51
152
159
51
93
176
268
270
179
259
40
184
111
2
185
195
100
85
53
169
121
42
69
192
16
18
82
48
11
52
232
22
263
112
229
260
97
142
164
231
227
255
185
263
79
240
92
214
27
216
143
158
266
170
223
231
252
8
192
202
149
222
171
73
250
145
150
240
74
55
82
165
186
253
254
91
18
8
34
189
73
20
164
160
34
260
102
110
56
16
170
85
188
262
113
190
53
42
270
56
60
27
80
130
44
76
115
201
178
143
32
233
32
36
96
3
0
36
77
160
33
168
252
74
217
217
64
32
239
246
144
166
45
243
5
266
68
265
40
87
170
162
4
193
251
233
23
159
266
129
154
237
122
240
228
178
192
257
103
255
143
71
126
109
107
193
71
102
142
92
114
50
177
260
160
100
149
78
260
4
1
124
213
17
101
117
103
222
78
20
219
171
209
84
83
241
226
230
24
2
21
12
140
256
209
215
233
25
94
25
209
16
217
167
12
29
191
104
206
158
88
262
132
64
270
62
191
9
119
101
145
237
227
225
197
189
197
7
41
118
95
203
222
75
223
143
236
114
60
260
271
183
125
54
147
142
97
271
105
186
202
43
54
164
202
1
18
209
21
29
28
11
155
88
7
117
38
89
121
81
67
54
101
33
220
101
82
77
116
192
225
60
107
85
136
65
205
173
41
91
254
28
54
74
133
252
229
19
140
100
86
180
66
118
65
223
246
76
124
127
108
172
262
180
207
198
170
106
175
256
205
237
171
184
112
252
66
68
72
259
35
38
11
54
140
51
139
271
117
246
58
44
200
107
200
26
207
152
264
90
219
267
43
239
155
12
180
138
196
154
6
122
268
149
4
97
33
5
209
117
137
68
48
5
56
271
135
171
164
162
240
161
238
68
23
24
93
189
9
117
120
140
81
112
155
189
163
187
176
186
218
57
178
66
264
183
237
167
239
108
14
93
29
101
195
82
263
39
9
141
260
124
76
151
246
206
93
230
24
80
255
82
185
157
166
234
189
220
234
39
19
189
236
41
249
7
32
6
197
43
197
216
43
201
0
261
216
259
118
185
161
164
108
169
94
142
108
177
234
173
94
203
69
0
48
254
220
259
211
14
87
13
31
29
218
270
122
68
256
61
155
217
221
167
259
225
210
33
55
29
177
218
19
94
15
143
139
122
173
48
52
193
189
260
116
145
119
75
183
102
157
215
46
115
24
131
269
94
109
154
176
233
231
45
257
126
27
155
141
167
57
125
90
137
6
18
29
66
35
66
46
226
240
2
204
126
111
250
224
242
165
7
257
267
128
53
164
239
29
135
251
166
3
23
88
1
77
196
263
66
120
161
215
43
240
208
97
230
37
259
271
157
144
230
101
90
35
23
157
190
235
31
149
128
183
80
113
90
109
241
152
250
59
59
182
154
237
217
267
32
29
118
191
117
270
230
175
171
82
142
23
65
156
215
52
42
101
32
258
100
13
112
195
217
212
157
100
70
6
115
151
182
166
15
42
43
189
154
182
15
179
152
59
106
270
25
15
270
56
181
88
268
215
25
263
243
50
166
107
217
206
222
84
181
28
100
205
144
109
49
255
47
214
179
120
42
270
46
265
22
191
161
177
5
29
42
41
259
206
229
154
98
35
150
55
5
188
64
172
180
171
146
76
15
191
194
177
266
118
67
52
89
229
205
16
78
105
260
143
146
113
96
251
102
132
152
0
50
168
23
32
233
198
146
64
69
95
199
269
224
269
188
137
187
84
22
77
238
193
238
66
214
224
237
183
123
41
139
176
89
187
158
208
40
231
23
39
52
266
157
241
255
202
187
200
24
175
195
198
98
214
141
256
42
239
257
142
59
163
125
250
28
6
74
219
24
238
83
98
116
208
194
35
237
210
38
271
212
28
109
246
17
85
65
80
150
260
242
22
153
178
194
130
75
9
127
105
205
53
126
74
141
148
180
2
177
258
127
226
239
198
32
102
10
35
75
174
56
3
124
169
217
149
206
65
168
261
37
80
141
200
112
25
184
230
192
7
169
85
111
120
136
207
218
58
110
252
144
206
252
127
10
211
201
4
183
54
137
93
256
58
96
140
20
170
173
32
268
258
31
64
63
247
242
160
129
199
20
37
190
92
226
221
15
93
120
187
195
34
135
189
105
160
79
34
65
120
227
30
128
90
202
35
249
81
3
232
82
158
100
247
176
24
155
189
154
25
138
202
214
61
246
250
236
91
232
235
169
152
131
238
155
91
30
239
160
55
126
224
179
41
135
24
69
5
33
193
193
1
82
25
64
133
118
41
45
95
154
261
253
83
150
88
57
221
20
42
206
39
48
128
178
242
154
131
210
92
271
103
112
193
222
261
189
53
182
79
11
38
140
183
237
46
164
178
169
4
171
68
165
116
168
262
10
97
149
102
129
249
10
204
257
215
135
49
163
157
229
81
2
227
141
185
15
87
94
110
160
268
51
4
202
136
257
232
133
30
62
13
55
50
239
28
51
181
40
43
50
79
146
81
200
177
183
98
267
271
210
197
241
45
202
159
195
40
91
108
69
212
227
30
80
243
72
41
101
76
240
159
52
46
127
265
196
78
123
52
245
41
8
185
138
233
166
144
210
100
2
257
124
24
238
65
11
36
157
180
175
226
231
232
96
135
149
239
162
9
17
175
12
168
12
234
205
247
266
127
119
184
95
15
110
16
79
236
90
51
260
43
15
243
169
168
160
236
47
8
209
200
93
75
3
159
215
270
68
51
97
154
84
251
186
91
128
93
68
10
144
152
236
64
54
13
217
200
29
242
271
227
253
217
48
139
80
170
144
140
127
97
40
115
254
126
103
60
43
71
5
205
263
136
148
156
2
142
17
108
158
182
270
73
263
18
127
197
57
194
17
241
102
255
212
132
19
151
73
138
18
114
158
125
100
251
218
228
55
184
61
171
219
125
79
43
243
252
160
162
124
129
219
187
157
219
195
197
221
267
80
245
38
128
233
1
150
270
30
192
77
91
235
267
32
106
233
131
61
31
210
63
226
21
14
61
5
146
12
60
242
181
254
22
229
91
223
31
226
52
67
101
152
39
116
234
236
158
217
95
24
131
49
256
230
201
104
182
70
261
120
87
90
4
24
258
100
86
70
207
228
158
110
158
16
123
266
181
258
252
243
29
104
151
267
45
206
132
41
265
104
71
243
238
243
3
130
262
132
136
51
58
36
205
91
12
157
185
152
126
15
92
264
171
50
246
0
175
175
150
131
88
1
201
181
137
156
0
241
113
127
199
125
85
190
62
146
67
238
35
238
215
93
111
6
125
236
51
247
96
40
260
154
11
267
234
191
252
11
172
262
59
256
37
92
123
174
203
150
201
40
57
19
139
72
85
10
154
100
184
15
53
139
17
5
102
45
198
43
55
140
196
62
6
28
165
207
152
58
46
10
56
1
131
239
267
36
81
0
108
259
17
182
268
43
86
235
71
14
57
265
209
166
35
60
163
26
132
130
255
80
14
204
220
108
180
99
241
216
127
31
255
180
225
66
186
192
94
8
106
16
67
120
71
146
165
154
263
255
188
87
236
24
108
271
260
128
240
152
217
34
135
16
266
38
85
37
174
173
3
240
219
87
65
16
238
119
16
59
259
161
266
12
241
31
236
105
211
52
52
200
250
212
195
141
183
42
129
96
10
237
80
146
2
177
259
238
51
128
12
23
124
224
22
76
171
27
228
202
120
49
232
244
54
99
69
263
267
135
40
218
250
195
211
104
129
32
162
102
65
189
190
22
242
200
40
55
12
252
34
123
133
83
118
265
14
257
36
40
33
260
153
8
100
98
30
19
92
97
63
151
30
147
134
169
75
222
246
270
109
48
9
153
42
238
79
91
155
57
114
172
176
166
35
222
149
256
236
183
222
138
83
263
197
96
221
242
254
237
130
183
81
220
245
217
120
22
189
4
244
159
129
165
181
173
123
2
148
203
191
197
142
140
190
70
266
109
106
93
178
268
131
146
169
64
258
11
175
118
164
165
212
79
259
125
164
128
211
27
217
22
260
252
213
209
15
103
166
239
163
154
54
60
22
0
267
229
240
130
62
200
130
70
193
118
135
227
88
23
52
208
21
87
157
39
191
133
229
11
123
204
221
20
169
174
161
130
133
81
98
183
126
213
61
99
206
156
223
148
59
223
83
176
29
161
169
73
181
64
263
26
136
262
189
129
190
222
57
142
207
109
184
99
120
14
265
168
146
211
169
203
228
145
106
99
214
240
88
138
188
90
244
206
70
137
53
201
133
151
0
73
239
29
146
241
193
21
92
11
132
8
133
37
33
155
123
41
238
156
203
198
34
234
111
212
271
113
59
127
157
271
225
101
67
215
216
60
38
197
25
109
217
226
72
9
26
91
149
34
143
1
268
169
132
13
36
251
98
183
58
224
255
133
94
86
119
203
195
10
224
25
240
5
85
56
192
53
195
25
151
91
61
163
100
126
174
37
194
220
168
188
121
185
25
62
125
61
84
53
153
92
0
244
139
29
146
25
55
69
73
254
125
160
183
81
184
177
23
42
171
264
52
269
148
230
205
121
12
11
78
17
93
197
206
48
161
75
171
210
59
146
102
45
218
155
60
232
13
195
57
190
153
270
14
256
189
58
261
95
34
260
228
140
75
118
257
152
241
190
185
255
87
93
45
78
233
260
142
223
2
111
223
85
192
119
99
219
116
39
23
208
62
66
175
138
138
139
217
260
114
169
94
54
50
32
189
241
262
255
253
200
112
71
128
267
203
233
25
51
212
124
43
123
51
197
210
188
31
205
199
112
141
242
90
197
196
80
82
50
267
145
51
155
201
234
172
241
116
83
28
9
73
163
262
169
32
88
69
180
9
270
236
239
256
264
147
113
118
183
177
101
4
130
14
241
101
221
127
89
195
259
84
226
152
269
162
246
264
37
24
218
39
271
182
64
253
39
245
160
91
139
223
173
22
171
168
18
78
56
267
174
243
33
34
32
225
149
241
202
64
270
122
82
56
262
202
14
28
190
88
4
71
22
88
168
186
49
94
172
234
244
70
180
4
83
166
258
216
109
19
53
256
135
148
253
86
180
81
23
193
199
79
188
252
25
136
191
104
62
184
120
67
242
127
98
125
124
130
122
157
14
260
134
6
181
11
55
103
118
37
16
69
66
192
91
14
100
17
143
35
161
237
228
263
47
60
79
172
60
243
28
228
60
232
248
203
43
215
241
188
253
63
133
234
204
50
229
76
244
243
148
145
135
1
11
151
3
95
232
206
263
173
155
58
175
262
260
268
269
131
204
4
251
125
176
225
143
93
196
69
251
249
1
175
20
68
112
12
126
235
191
232
264
54
227
6
156
80
166
253
35
158
221
149
266
122
79
136
132
116
180
192
60
216
263
219
181
2
123
53
266
132
233
183
152
146
182
113
131
21
168
250
84
94
214
50
270
86
149
7
194
59
59
63
248
160
127
247
190
191
253
168
148
192
75
88
246
237
107
99
134
126
39
137
232
167
36
25
2
144
219
15
49
187
175
147
46
72
166
113
59
205
9
147
15
39
34
130
249
133
46
35
77
119
154
200
34
85
181
197
244
155
86
127
18
2
141
57
271
141
59
147
101
88
58
26
65
106
100
192
88
116
194
237
87
24
206
267
82
253
173
232
264
46
259
157
218
14
90
107
85
224
261
150
138
42
99
84
127
211
164
160
243
86
216
38
151
57
113
42
122
243
262
149
30
14
32
270
184
230
138
86
119
140
252
13
38
50
189
58
36
27
111
98
255
41
88
19
119
161
38
16
239
14
92
246
134
171
22
15
20
77
210
148
219
35
262
254
265
266
91
260
76
173
31
184
18
225
164
268
118
173
95
227
200
252
34
184
141
45
113
2
227
208
87
62
69
200
89
213
85
199
230
195
153
206
155
253
92
12
147
129
0
245
253
118
269
241
18
248
146
80
117
130
163
217
92
144
122
242
227
164
151
235
69
202
53
264
162
170
56
203
233
210
239
212
101
4
257
187
169
212
57
183
50
183
267
1
111
38
230
165
136
152
73
124
152
203
102
183
60
176
236
244
221
53
13
103
229
193
243
27
257
131
7
80
188
45
261
8
66
72
162
265
77
257
172
78
241
5
143
39
58
143
95
55
194
153
16
218
24
269
267
99
246
14
108
66
134
4
133
100
29
196
39
162
6
141
170
210
91
8
211
166
167
92
136
32
215
15
34
14
121
172
177
162
260
164
213
233
254
261
182
253
11
123
231
196
270
236
115
163
268
195
92
153
151
82
200
31
22
180
209
243
55
195
194
153
260
138
177
78
263
168
25
41
123
39
82
114
132
207
19
220
229
151
96
162
89
260
74
125
185
134
216
33
235
165
157
180
222
87
11
162
31
47
33
60
211
32
144
179
39
258
83
257
73
129
168
142
128
101
102
125
134
113
91
139
242
206
61
94
121
48
86
251
151
266
190
243
93
114
97
199
100
31
83
226
34
8
172
114
35
188
8
81
70
169
254
91
164
149
165
37
161
264
206
205
14
0
145
71
158
233
159
233
260
173
169
237
176
21
179
164
177
31
76
264
152
195
241
62
42
96
153
48
207
229
245
30
40
9
94
217
57
4
49
39
19
220
23
72
264
92
239
127
169
221
1
140
123
95
67
152
134
133
55
99
10
99
253
123
174
93
90
193
209
154
182
182
106
64
3
260
117
47
31
266
218
61
13
216
96
233
211
105
132
239
225
16
205
184
207
123
186
110
188
0
39
264
195
227
131
255
162
232
200
165
35
26
214
157
152
268
216
122
42
129
210
136
63
35
67
169
106
46
143
270
265
264
148
113
230
98
190
16
176
254
53
178
74
152
253
74
68
242
116
255
116
150
270
15
238
7
210
207
93
208
65
138
181
70
85
37
17
162
180
10
142
178
263
230
97
199
29
197
141
4
129
102
74
225
1
30
239
226
134
224
98
183
165
222
74
197
34
266
141
118
11
70
235
49
167
3
270
132
271
33
185
174
195
121
27
136
59
262
142
104
60
95
95
0
124
241
157
197
262
258
99
182
71
200
214
128
70
185
220
137
36
39
49
92
28
94
127
95
144
198
202
172
130
256
94
126
59
248
241
228
110
260
164
120
152
68
185
170
105
144
139
78
9
4
73
155
138
41
248
86
93
16
169
167
88
90
199
49
85
246
235
118
100
269
271
177
0
3
7
214
250
115
244
52
1
219
271
138
98
181
35
196
170
233
9
198
21
180
17
224
127
209
193
80
89
173
249
107
210
110
113
207
190
114
103
225
222
29
77
181
198
98
224
74
159
3
187
57
81
257
178
115
148
20
121
0
138
188
159
170
98
151
129
33
12
209
259
5
75
156
163
127
207
270
242
228
98
128
13
125
260
230
83
133
3
90
209
106
264
198
0
121
16
133
99
75
207
118
206
117
253
34
111
182
229
217
250
151
25
245
45
98
76
73
190
178
176
25
79
172
216
137
179
125
46
188
136
141
106
43
117
15
20
158
102
40
200
190
156
254
268
3
40
110
263
186
142
250
10
2
41
78
97
135
205
220
211
46
232
169
25
142
265
230
71
41
149
132
121
6
126
216
33
260
156
112
63
181
227
25
183
118
213
64
21
223
134
195
7
27
27
218
173
253
5
168
91
180
187
145
11
133
154
118
59
136
81
193
223
227
102
93
209
2
117
262
164
140
162
60
184
222
134
271
56
58
54
68
167
212
70
4
104
212
229
81
119
244
194
149
71
10
22
81
204
176
6
242
246
70
125
7
267
16
256
224
136
200
109
1
160
43
39
60
65
162
205
30
83
73
105
128
147
267
68
37
102
259
140
196
49
82
157
137
215
252
65
97
117
240
228
136
206
143
53
33
2
88
88
149
103
0
152
95
240
209
240
229
130
45
253
239
8
80
217
26
117
30
201
59
8
63
99
26
237
211
201
146
109
216
228
234
236
165
81
70
13
50
179
202
129
45
204
211
112
119
140
188
224
76
141
35
111
204
173
92
69
51
196
42
237
94
53
87
243
74
250
220
106
20
112
141
52
168
271
14
175
112
14
196
264
176
129
63
266
92
238
123
124
205
215
189
10
115
157
40
244
144
266
239
153
5
124
13
177
122
251
246
52
90
12
150
228
128
41
205
65
106
71
209
52
160
139
0
27
105
69
270
141
256
55
135
11
104
11
214
140
236
65
209
2
228
156
114
182
120
78
70
191
206
14
256
182
33
58
8
198
113
270
32
142
202
263
159
244
82
174
166
83
149
235
239
195
171
229
20
15
260
65
113
130
270
135
115
142
126
235
126
104
37
233
55
197
84
121
63
19
242
270
76
222
84
128
103
190
92
104
170
81
170
146
127
171
101
47
132
133
77
13
63
89
107
99
161
163
44
23
234
170
265
151
171
170
31
142
28
95
75
202
117
100
167
17
160
160
107
57
106
48
167
185
192
176
111
252
11
146
15
9
30
228
92
229
100
231
44
48
190
35
44
94
55
33
44
87
191
226
56
70
4
107
85
150
146
169
135
56
230
234
106
49
113
214
63
199
23
70
103
38
21
262
271
216
228
36
229
104
50
90
152
228
236
108
236
74
162
20
156
77
9
256
216
29
163
126
225
178
93
24
266
268
190
152
179
271
267
96
102
66
68
67
169
112
181
23
148
72
198
136
270
7
115
131
54
238
198
54
13
96
243
145
259
251
220
194
191
79
0
218
31
0
2
209
129
192
8
228
7
188
154
237
201
193
46
1
220
141
178
250
72
12
72
93
195
201
230
33
231
0
236
113
45
216
82
178
255
59
114
2
77
200
24
219
98
203
261
57
196
250
53
59
69
25
241
223
249
122
265
248
95
235
263
125
232
197
161
97
196
223
244
225
238
134
25
158
250
227
259
61
36
86
79
83
109
261
81
246
14
57
248
21
131
197
269
270
42
35
97
181
46
149
192
165
123
129
153
195
107
4
71
46
69
137
239
249
78
0
88
81
167
4
140
108
184
128
140
11
255
53
245
99
12
175
148
260
194
56
172
269
92
157
228
95
261
114
137
166
193
192
267
104
176
165
196
201
127
208
15
153
257
46
42
214
54
158
239
33
205
234
176
183
2
200
165
190
8
85
69
68
238
224
109
1
184
20
168
172
24
202
132
71
257
88
39
211
13
108
222
3
61
53
6
111
186
180
245
124
38
104
197
88
202
31
154
82
61
247
263
192
224
90
268
263
252
249
117
171
131
18
257
263
169
190
174
264
24
90
258
184
122
255
124
231
250
179
39
152
214
74
247
112
208
29
188
129
142
174
48
197
162
223
141
216
198
49
194
51
63
126
84
156
166
195
30
247
179
112
72
146
98
164
146
108
68
263
182
124
248
263
16
230
82
7
168
41
212
206
76
60
39
226
172
190
104
238
75
182
66
225
260
25
232
248
22
252
31
244
215
244
261
39
181
145
136
109
135
121
124
143
176
148
0
140
16
13
269
158
183
226
136
2
203
55
142
187
198
67
68
105
43
131
206
162
175
9
212
69
147
72
271
260
34
56
136
250
167
30
44
166
7
189
206
258
187
263
220
213
194
64
39
246
232
5
247
190
259
184
8
233
144
122
156
57
53
192
6
119
209
211
47
15
196
95
242
50
13
84
118
137
15
105
49
73
103
127
145
173
165
140
5
154
127
152
200
140
189
232
78
228
81
141
271
141
108
32
92
152
177
226
257
176
146
195
213
82
25
121
132
52
4
98
197
170
117
28
130
40
30
238
37
92
97
153
204
90
126
181
90
158
129
144
62
141
9
142
48
14
121
119
43
223
168
1
6
155
55
179
250
93
238
161
96
105
176
48
99
103
207
47
147
218
137
173
89
224
63
132
189
2
212
128
206
209
120
49
95
177
138
32
51
53
105
55
222
91
73
151
177
255
139
150
172
216
235
213
84
56
133
57
86
27
74
52
244
72
166
170
141
75
120
156
24
14
11
68
154
36
146
227
238
69
3
41
97
42
28
108
83
113
242
226
256
136
17
14
164
28
39
208
199
114
140
25
55
151
72
142
35
251
230
254
193
78
192
135
164
199
136
18
14
156
238
153
253
60
142
218
125
6
184
58
50
252
17
86
15
240
164
170
223
163
79
85
110
61
82
132
72
112
182
12
7
106
91
58
1
231
37
112
90
149
196
80
116
242
170
166
40
238
186
250
176
243
156
58
120
118
158
66
230
77
61
109
148
205
104
250
73
98
197
205
126
187
163
6
73
47
16
171
241
48
230
149
244
191
73
172
173
201
214
251
229
80
50
145
84
107
236
65
209
216
157
122
23
247
108
123
26
185
119
127
179
124
56
50
176
16
3
220
39
192
43
54
117
39
54
159
183
95
254
189
111
174
164
47
13
149
81
54
102
187
28
141
225
143
14
26
7
61
2
20
210
172
77
89
167
160
75
29
140
164
10
51
93
66
220
30
6
162
49
204
52
92
227
22
227
54
61
174
217
90
216
160
96
18
62
10
233
225
123
246
163
29
225
176
136
226
111
80
249
146
146
208
141
256
54
29
190
126
42
174
229
246
100
247
246
174
10
157
170
35
232
110
106
202
158
69
173
174
19
96
178
191
93
161
49
92
159
140
148
216
196
236
201
52
10
197
108
2
131
112
106
245
229
120
253
87
130
44
228
199
189
236
38
232
141
176
48
226
51
76
184
176
224
20
6
148
149
70
112
162
203
221
183
155
58
213
177
161
88
82
159
128
45
192
186
15
204
193
209
50
241
25
109
87
137
50
33
94
63
184
148
27
196
128
172
255
92
78
1
40
90
175
214
129
48
197
84
153
169
253
103
248
167
127
104
173
25
176
80
222
209
149
118
211
83
31
46
107
45
107
120
244
151
171
37
84
111
188
22
91
110
62
212
157
229
59
150
78
101
179
109
58
89
161
74
9
82
18
148
217
232
85
108
91
125
173
78
190
59
220
67
119
137
190
243
50
89
163
136
40
26
183
112
244
234
74
62
256
116
153
122
20
186
138
158
123
208
184
182
206
101
199
77
8
218
168
127
208
58
139
135
96
245
130
253
13
170
200
231
175
54
104
98
154
180
138
83
216
84
85
158
115
187
17
95
206
222
174
50
156
72
117
190
151
68
211
30
69
178
65
2
55
122
188
110
19
203
24
8
191
181
60
190
250
53
24
117
53
68
99
9
226
123
84
113
5
251
119
245
131
13
191
173
122
2
206
146
160
237
124
168
101
142
181
11
201
156
228
207
130
134
148
204
109
216
57
211
164
241
166
152
21
224
183
51
232
4
177
212
197
233
223
114
19
42
55
200
46
237
54
240
154
101
88
171
61
34
37
206
104
73
129
159
146
141
75
51
141
60
172
98
50
6
212
38
128
243
24
210
64
134
30
32
84
53
157
207
81
109
10
74
74
21
179
129
131
221
32
255
109
71
48
69
121
35
229
42
73
142
45
10
31
140
254
36
204
183
97
107
104
193
246
118
199
135
215
23
14
42
129
142
188
174
218
246
13
142
233
57
184
232
179
39
116
167
39
215
121
97
251
162
35
117
106
137
33
28
138
168
184
23
213
39
119
249
22
206
158
227
6
217
238
2
193
90
165
253
63
130
188
133
50
170
175
9
6
103
60
79
209
18
106
187
108
62
116
144
210
150
91
37
204
230
246
95
104
137
231
180
188
147
228
125
139
158
24
11
63
238
30
107
134
60
29
173
79
90
168
217
87
63
107
78
180
255
159
236
129
53
2
24
81
110
103
125
14
56
56
153
118
170
151
202
30
190
218
243
198
67
210
182
89
169
255
194
81
239
253
95
230
163
242
134
232
171
97
119
206
184
95
91
237
19
102
213
26
115
230
15
16
146
149
11
219
93
162
161
145
191
38
13
49
242
141
21
51
13
101
8
16
140
54
72
126
44
134
67
167
234
47
177
51
4
100
114
253
44
53
219
68
176
188
202
20
3
8
24
13
237
136