20
2
22
4
22
10
5
5
4
1
15
31
31
6
31
8
2
16
9
31
10
3
21
5
12
28
8
19
31
24
3
14
4
2
30
10
10
10
11
26
4
31
26
7
13
26
16
25
3
24
16
10
3
1
20
27
9
29
25
26
20
18
2
2
5
1
17
31
12
26
10
15
19
1
25
11
1
12
25
8
31
2
15
11
20
3
13
16
27
1
4
1
23
1
31
29
0
28
15
29
6
234
1
254
146
202
97
91
12
261
187
19
149
12
252
112
187
218
203
169
72
33
214
215
64
226
108
222
82
186
178
167
217
227
110
217
238
180
254
32
162
176
242
20
96
167
181
115
44
163
34
203
67
203
9
94
123
144
214
192
270
140
53
98
195
10
141
225
242
44
44
73
102
151
267
243
181
62
44
152
212
80
3
16
125
210
143
224
43
169
112
262
21
252
34
164
176
251
4
97
218
66
114
117
157
247
125
12
78
214
60
105
245
125
119
226
232
207
170
251
174
228
228
144
254
204
25
87
83
60
225
134
166
55
33
59
76
235
144
24
160
169
130
161
5
38
181
94
100
202
39
265
190
247
122
33
219
65
18
38
234
222
224
266
90
26
135
65
152
253
73
86
203
118
270
82
194
93
162
25
73
225
247
113
268
134
176
65
182
12
86
231
228
220
251
75
222
215
144
112
169
67
188
196
141
113
61
143
143
220
269
247
70
196
228
82
97
8
30
205
147
117
152
224
23
139
35
203
228
51
121
138
135
201
209
198
116
235
16
110
36
99
266
264
265
263
136
158
184
108
202
182
213
180
160
128
212
2
170
184
223
267
212
182
112
248
32
210
55
182
265
35
97
41
6
164
154
207
59
37
20
175
37
151
176
102
115
52
157
253
58
98
235
153
34
162
171
130
194
8
264
224
262
255
151
245
139
206
162
231
71
104
179
92
64
229
114
261
178
53
99
149
161
44
23
104
176
246
142
37
96
111
11
78
96
114
93
182
133
201
142
156
210
39
4
179
62
0
173
205
240
136
101
127
170
8
16
222
240
129
187
269
214
55
175
13
169
90
229
76
176
80
267
196
24
135
5
94
11
153
205
40
251
228
96
53
268
39
0
226
129
66
25
249
185
175
151
14
52
81
111
238
213
221
23
36
10
213
246
38
236
204
41
138
94
157
9
10
54
42
227
123
153
78
119
240
204
10
15
67
35
130
130
155
0
155
243
228
48
19
157
250
212
72
77
58
226
179
266
14
214
164
141
136
205
40
65
123
44
115
175
130
251
3
228
193
207
225
166
119
104
202
84
230
129
153
165
148
203
44
229
38
55
131
219
189
101
14
233
39
85
142
80
72
256
270
108
205
89
251
167
17
66
266
189
187
268
66
247
38
41
233
79
23
148
80
194
133
263
242
14
155
182
85
45
127
271
214
29
230
122
95
59
241
96
144
0
152
84
201
152
151
128
241
104
64
104
211
141
193
144
94
125
91
228
141
32
226
38
53
138
47
246
11
71
52
116
113
11
60
139
200
212
166
76
77
67
140
154
46
244
216
26
102
43
119
122
82
45
254
46
201
189
117
241
90
268
84
71
120
75
94
132
93
54
202
238
1
28
4
132
115
77
117
31
48
55
30
203
124
1
202
143
173
223
53
241
54
42
120
114
196
257
101
91
87
49
261
230
60
260
267
46
221
59
175
134
18
126
262
46
255
110
189
19
111
92
178
218
170
149
216
144
189
102
148
151
169
74
175
19
208
161
262
106
214
111
148
258
197
47
43
261
152
30
131
73
6
216
148
142
217
187
75
167
96
17
212
61
212
27
12
270
205
84
245
210
260
221
157
105
48
260
158
122
128
113
67
129
46
197
43
1
44
9
177
41
158
32
56
2
198
21
33
168
178
82
153
74
229
169
81
6
11
93
130
73
264
254
253
99
218
188
198
220
264
240
58
32
178
200
169
78
187
53
170
95
268
220
179
255
166
4
114
191
118
199
203
199
115
89
21
214
260
148
82
31
57
119
34
167
53
180
58
160
235
38
143
170
51
63
29
168
177
130
263
39
61
100
244
95
188
126
192
156
254
95
146
65
152
239
249
107
106
123
94
115
242
197
128
172
162
129
138
111
51
221
112
181
128
189
174
170
152
23
249
154
128
202
200
209
159
20
129
124
0
55
191
85
213
146
12
235
96
193
144
164
68
100
158
111
97
264
259
17
250
18
0
162
225
180
24
105
93
67
181
46
13
23
224
32
99
104
152
148
88
31
222
269
195